 0.9778105E+00   single scattering albedo
 0.5186399E+02   scattering cross section
 0.5304094E+02   extinction cross section
 Normalized scattering matrix:
 theta(degrees)     F11                  F12                  F13                  F14                  F21                  F22                  F23                  F24                  F31                  F32                  F33                  F34                  F41                  F42                  F43                  F44
   0.000     0.2029515234E+05    -0.2980721183E-03     0.0000000000E+00     0.0000000000E+00    -0.2980721183E-03     0.2029515234E+05     0.0000000000E+00     0.0000000000E+00     0.0000000000E+00     0.0000000000E+00     0.2029515039E+05    -0.9585389867E-02     0.0000000000E+00     0.0000000000E+00     0.9585389867E-02     0.2029515039E+05
   1.000     0.9314367676E+03    -0.9976397455E-01     0.0000000000E+00     0.0000000000E+00    -0.9976397455E-01     0.9314367676E+03     0.0000000000E+00     0.0000000000E+00     0.0000000000E+00     0.0000000000E+00     0.9312748413E+03     0.7730980873E+01     0.0000000000E+00     0.0000000000E+00    -0.7730980873E+01     0.9312748413E+03
   2.000     0.2460469208E+03    -0.1468640864E+00     0.0000000000E+00     0.0000000000E+00    -0.1468640864E+00     0.2460469208E+03     0.0000000000E+00     0.0000000000E+00     0.0000000000E+00     0.0000000000E+00     0.2458325500E+03     0.3794000626E+01     0.0000000000E+00     0.0000000000E+00    -0.3794000626E+01     0.2458325500E+03
   3.000     0.1106557312E+03    -0.1371008009E+00     0.0000000000E+00     0.0000000000E+00    -0.1371008009E+00     0.1106557312E+03     0.0000000000E+00     0.0000000000E+00     0.0000000000E+00     0.0000000000E+00     0.1104195709E+03     0.2515826941E+01     0.0000000000E+00     0.0000000000E+00    -0.2515826941E+01     0.1104195709E+03
   4.000     0.6171221161E+02    -0.1243554428E+00     0.0000000000E+00     0.0000000000E+00    -0.1243554428E+00     0.6171221161E+02     0.0000000000E+00     0.0000000000E+00     0.0000000000E+00     0.0000000000E+00     0.6146901703E+02     0.1799980521E+01     0.0000000000E+00     0.0000000000E+00    -0.1799980521E+01     0.6146901703E+02
   5.000     0.3867228317E+02    -0.1467424333E+00     0.0000000000E+00     0.0000000000E+00    -0.1467424333E+00     0.3867228317E+02     0.0000000000E+00     0.0000000000E+00     0.0000000000E+00     0.0000000000E+00     0.3843169785E+02     0.1369714022E+01     0.0000000000E+00     0.0000000000E+00    -0.1369714022E+01     0.3843169785E+02
   6.000     0.2609822464E+02    -0.1598075330E+00     0.0000000000E+00     0.0000000000E+00    -0.1598075330E+00     0.2609822464E+02     0.0000000000E+00     0.0000000000E+00     0.0000000000E+00     0.0000000000E+00     0.2586006355E+02     0.1052995801E+01     0.0000000000E+00     0.0000000000E+00    -0.1052995801E+01     0.2586006355E+02
   7.000     0.1859641647E+02    -0.1616668552E+00     0.0000000000E+00     0.0000000000E+00    -0.1616668552E+00     0.1859641647E+02     0.0000000000E+00     0.0000000000E+00     0.0000000000E+00     0.0000000000E+00     0.1836026573E+02     0.8362041116E+00     0.0000000000E+00     0.0000000000E+00    -0.8362041116E+00     0.1836026573E+02
   8.000     0.1388917732E+02    -0.1787844747E+00     0.0000000000E+00     0.0000000000E+00    -0.1787844747E+00     0.1388917732E+02     0.0000000000E+00     0.0000000000E+00     0.0000000000E+00     0.0000000000E+00     0.1365923119E+02     0.6320315599E+00     0.0000000000E+00     0.0000000000E+00    -0.6320315599E+00     0.1365923119E+02
   9.000     0.1076861763E+02    -0.1683722138E+00     0.0000000000E+00     0.0000000000E+00    -0.1683722138E+00     0.1076861763E+02     0.0000000000E+00     0.0000000000E+00     0.0000000000E+00     0.0000000000E+00     0.1054676437E+02     0.5043940544E+00     0.0000000000E+00     0.0000000000E+00    -0.5043940544E+00     0.1054676437E+02
  10.000     0.8731216431E+01    -0.1843969524E+00     0.0000000000E+00     0.0000000000E+00    -0.1843969524E+00     0.8731216431E+01     0.0000000000E+00     0.0000000000E+00     0.0000000000E+00     0.0000000000E+00     0.8520421982E+01     0.3733653426E+00     0.0000000000E+00     0.0000000000E+00    -0.3733653426E+00     0.8520421982E+01
  11.000     0.7296342373E+01    -0.1671185791E+00     0.0000000000E+00     0.0000000000E+00    -0.1671185791E+00     0.7296342373E+01     0.0000000000E+00     0.0000000000E+00     0.0000000000E+00     0.0000000000E+00     0.7098747730E+01     0.2834711075E+00     0.0000000000E+00     0.0000000000E+00    -0.2834711075E+00     0.7098747730E+01
  12.000     0.6330429554E+01    -0.1695814282E+00     0.0000000000E+00     0.0000000000E+00    -0.1695814282E+00     0.6330429554E+01     0.0000000000E+00     0.0000000000E+00     0.0000000000E+00     0.0000000000E+00     0.6149310589E+01     0.2130009830E+00     0.0000000000E+00     0.0000000000E+00    -0.2130009830E+00     0.6149310589E+01
  13.000     0.5644491196E+01    -0.1495272517E+00     0.0000000000E+00     0.0000000000E+00    -0.1495272517E+00     0.5644491196E+01     0.0000000000E+00     0.0000000000E+00     0.0000000000E+00     0.0000000000E+00     0.5479791164E+01     0.1254403889E+00     0.0000000000E+00     0.0000000000E+00    -0.1254403889E+00     0.5479791164E+01
  14.000     0.5144921780E+01    -0.1368156224E+00     0.0000000000E+00     0.0000000000E+00    -0.1368156224E+00     0.5144921780E+01     0.0000000000E+00     0.0000000000E+00     0.0000000000E+00     0.0000000000E+00     0.4995634556E+01     0.1022652015E+00     0.0000000000E+00     0.0000000000E+00    -0.1022652015E+00     0.4995634556E+01
  15.000     0.4803985596E+01    -0.1247627437E+00     0.0000000000E+00     0.0000000000E+00    -0.1247627437E+00     0.4803985596E+01     0.0000000000E+00     0.0000000000E+00     0.0000000000E+00     0.0000000000E+00     0.4671046257E+01     0.6291939318E-01     0.0000000000E+00     0.0000000000E+00    -0.6291939318E-01     0.4671046257E+01
  16.000     0.4509560108E+01    -0.1010402292E+00     0.0000000000E+00     0.0000000000E+00    -0.1010402292E+00     0.4509560108E+01     0.0000000000E+00     0.0000000000E+00     0.0000000000E+00     0.0000000000E+00     0.4392843723E+01     0.2880841866E-01     0.0000000000E+00     0.0000000000E+00    -0.2880841866E-01     0.4392843723E+01
  17.000     0.4273793697E+01    -0.7789341360E-01     0.0000000000E+00     0.0000000000E+00    -0.7789341360E-01     0.4273793697E+01     0.0000000000E+00     0.0000000000E+00     0.0000000000E+00     0.0000000000E+00     0.4170491219E+01     0.1751918904E-01     0.0000000000E+00     0.0000000000E+00    -0.1751918904E-01     0.4170491219E+01
  18.000     0.4101971149E+01    -0.6726326793E-01     0.0000000000E+00     0.0000000000E+00    -0.6726326793E-01     0.4101971149E+01     0.0000000000E+00     0.0000000000E+00     0.0000000000E+00     0.0000000000E+00     0.4009008884E+01    -0.5555138458E-02     0.0000000000E+00     0.0000000000E+00     0.5555138458E-02     0.4009008884E+01
  19.000     0.3933092594E+01    -0.5838442221E-01     0.0000000000E+00     0.0000000000E+00    -0.5838442221E-01     0.3933092594E+01     0.0000000000E+00     0.0000000000E+00     0.0000000000E+00     0.0000000000E+00     0.3849856615E+01    -0.3191649448E-03     0.0000000000E+00     0.0000000000E+00     0.3191649448E-03     0.3849856615E+01
  20.000     0.3774399519E+01    -0.4101078212E-01     0.0000000000E+00     0.0000000000E+00    -0.4101078212E-01     0.3774399519E+01     0.0000000000E+00     0.0000000000E+00     0.0000000000E+00     0.0000000000E+00     0.3697551727E+01    -0.3464380512E-02     0.0000000000E+00     0.0000000000E+00     0.3464380512E-02     0.3697551727E+01
  21.000     0.3633210659E+01    -0.2926598489E-01     0.0000000000E+00     0.0000000000E+00    -0.2926598489E-01     0.3633210659E+01     0.0000000000E+00     0.0000000000E+00     0.0000000000E+00     0.0000000000E+00     0.3560549259E+01     0.2781797899E-02     0.0000000000E+00     0.0000000000E+00    -0.2781797899E-02     0.3560549259E+01
  22.000     0.3492298365E+01    -0.1472415496E-01     0.0000000000E+00     0.0000000000E+00    -0.1472415496E-01     0.3492298365E+01     0.0000000000E+00     0.0000000000E+00     0.0000000000E+00     0.0000000000E+00     0.3420666456E+01    -0.2301881555E-02     0.0000000000E+00     0.0000000000E+00     0.2301881555E-02     0.3420666456E+01
  23.000     0.3355709791E+01    -0.1458888780E-01     0.0000000000E+00     0.0000000000E+00    -0.1458888780E-01     0.3355709791E+01     0.0000000000E+00     0.0000000000E+00     0.0000000000E+00     0.0000000000E+00     0.3284299135E+01     0.1492790994E-02     0.0000000000E+00     0.0000000000E+00    -0.1492790994E-02     0.3284299135E+01
  24.000     0.3215046883E+01    -0.5684971809E-02     0.0000000000E+00     0.0000000000E+00    -0.5684971809E-02     0.3215046883E+01     0.0000000000E+00     0.0000000000E+00     0.0000000000E+00     0.0000000000E+00     0.3143871784E+01     0.7947934791E-02     0.0000000000E+00     0.0000000000E+00    -0.7947934791E-02     0.3143871784E+01
  25.000     0.3092985868E+01     0.1478409977E-02     0.0000000000E+00     0.0000000000E+00     0.1478409977E-02     0.3092985868E+01     0.0000000000E+00     0.0000000000E+00     0.0000000000E+00     0.0000000000E+00     0.3021388054E+01     0.4478923976E-02     0.0000000000E+00     0.0000000000E+00    -0.4478923976E-02     0.3021388054E+01
  26.000     0.2957054853E+01     0.1469948981E-01     0.0000000000E+00     0.0000000000E+00     0.1469948981E-01     0.2957054853E+01     0.0000000000E+00     0.0000000000E+00     0.0000000000E+00     0.0000000000E+00     0.2884814739E+01     0.7693072315E-02     0.0000000000E+00     0.0000000000E+00    -0.7693072315E-02     0.2884814739E+01
  27.000     0.2820424795E+01     0.1680020802E-01     0.0000000000E+00     0.0000000000E+00     0.1680020802E-01     0.2820424795E+01     0.0000000000E+00     0.0000000000E+00     0.0000000000E+00     0.0000000000E+00     0.2748886108E+01     0.7083596662E-02     0.0000000000E+00     0.0000000000E+00    -0.7083596662E-02     0.2748886108E+01
  28.000     0.2697627306E+01     0.2351364307E-01     0.0000000000E+00     0.0000000000E+00     0.2351364307E-01     0.2697627306E+01     0.0000000000E+00     0.0000000000E+00     0.0000000000E+00     0.0000000000E+00     0.2626860857E+01     0.9923795238E-02     0.0000000000E+00     0.0000000000E+00    -0.9923795238E-02     0.2626860857E+01
  29.000     0.2582081079E+01     0.3074754216E-01     0.0000000000E+00     0.0000000000E+00     0.3074754216E-01     0.2582081079E+01     0.0000000000E+00     0.0000000000E+00     0.0000000000E+00     0.0000000000E+00     0.2512418747E+01     0.3557993099E-02     0.0000000000E+00     0.0000000000E+00    -0.3557993099E-02     0.2512418747E+01
  30.000     0.2467362165E+01     0.4121058062E-01     0.0000000000E+00     0.0000000000E+00     0.4121058062E-01     0.2467362165E+01     0.0000000000E+00     0.0000000000E+00     0.0000000000E+00     0.0000000000E+00     0.2398490429E+01     0.4597673658E-02     0.0000000000E+00     0.0000000000E+00    -0.4597673658E-02     0.2398490429E+01
  31.000     0.2346949100E+01     0.4302045703E-01     0.0000000000E+00     0.0000000000E+00     0.4302045703E-01     0.2346949100E+01     0.0000000000E+00     0.0000000000E+00     0.0000000000E+00     0.0000000000E+00     0.2280342817E+01     0.5026719067E-02     0.0000000000E+00     0.0000000000E+00    -0.5026719067E-02     0.2280342817E+01
  32.000     0.2237406254E+01     0.5292555690E-01     0.0000000000E+00     0.0000000000E+00     0.5292555690E-01     0.2237406254E+01     0.0000000000E+00     0.0000000000E+00     0.0000000000E+00     0.0000000000E+00     0.2172904253E+01     0.1593990484E-02     0.0000000000E+00     0.0000000000E+00    -0.1593990484E-02     0.2172904253E+01
  33.000     0.2131396294E+01     0.5979202688E-01     0.0000000000E+00     0.0000000000E+00     0.5979202688E-01     0.2131396294E+01     0.0000000000E+00     0.0000000000E+00     0.0000000000E+00     0.0000000000E+00     0.2068304539E+01    -0.1435436658E-02     0.0000000000E+00     0.0000000000E+00     0.1435436658E-02     0.2068304539E+01
  34.000     0.2033900023E+01     0.7080037892E-01     0.0000000000E+00     0.0000000000E+00     0.7080037892E-01     0.2033900023E+01     0.0000000000E+00     0.0000000000E+00     0.0000000000E+00     0.0000000000E+00     0.1971065044E+01    -0.5799191073E-02     0.0000000000E+00     0.0000000000E+00     0.5799191073E-02     0.1971065044E+01
  35.000     0.1942462206E+01     0.7496058196E-01     0.0000000000E+00     0.0000000000E+00     0.7496058196E-01     0.1942462206E+01     0.0000000000E+00     0.0000000000E+00     0.0000000000E+00     0.0000000000E+00     0.1880034924E+01    -0.7160962559E-02     0.0000000000E+00     0.0000000000E+00     0.7160962559E-02     0.1880034924E+01
  36.000     0.1851111293E+01     0.8004426956E-01     0.0000000000E+00     0.0000000000E+00     0.8004426956E-01     0.1851111293E+01     0.0000000000E+00     0.0000000000E+00     0.0000000000E+00     0.0000000000E+00     0.1788297057E+01    -0.6338638254E-02     0.0000000000E+00     0.0000000000E+00     0.6338638254E-02     0.1788297057E+01
  37.000     0.1760921836E+01     0.8566004038E-01     0.0000000000E+00     0.0000000000E+00     0.8566004038E-01     0.1760921836E+01     0.0000000000E+00     0.0000000000E+00     0.0000000000E+00     0.0000000000E+00     0.1698120117E+01    -0.3874634160E-02     0.0000000000E+00     0.0000000000E+00     0.3874634160E-02     0.1698120117E+01
  38.000     0.1682271242E+01     0.8569481224E-01     0.0000000000E+00     0.0000000000E+00     0.8569481224E-01     0.1682271242E+01     0.0000000000E+00     0.0000000000E+00     0.0000000000E+00     0.0000000000E+00     0.1618682623E+01    -0.9873623028E-02     0.0000000000E+00     0.0000000000E+00     0.9873623028E-02     0.1618682623E+01
  39.000     0.1602549672E+01     0.9023497254E-01     0.0000000000E+00     0.0000000000E+00     0.9023497254E-01     0.1602549672E+01     0.0000000000E+00     0.0000000000E+00     0.0000000000E+00     0.0000000000E+00     0.1537930369E+01    -0.7571281400E-02     0.0000000000E+00     0.0000000000E+00     0.7571281400E-02     0.1537930369E+01
  40.000     0.1529653072E+01     0.9009581804E-01     0.0000000000E+00     0.0000000000E+00     0.9009581804E-01     0.1529653072E+01     0.0000000000E+00     0.0000000000E+00     0.0000000000E+00     0.0000000000E+00     0.1463956833E+01    -0.1298175287E-01     0.0000000000E+00     0.0000000000E+00     0.1298175287E-01     0.1463956833E+01
  41.000     0.1460685015E+01     0.9461492300E-01     0.0000000000E+00     0.0000000000E+00     0.9461492300E-01     0.1460685015E+01     0.0000000000E+00     0.0000000000E+00     0.0000000000E+00     0.0000000000E+00     0.1393929839E+01    -0.1446521748E-01     0.0000000000E+00     0.0000000000E+00     0.1446521748E-01     0.1393929839E+01
  42.000     0.1396236300E+01     0.9318780899E-01     0.0000000000E+00     0.0000000000E+00     0.9318780899E-01     0.1396236300E+01     0.0000000000E+00     0.0000000000E+00     0.0000000000E+00     0.0000000000E+00     0.1328110933E+01    -0.1398366410E-01     0.0000000000E+00     0.0000000000E+00     0.1398366410E-01     0.1328110933E+01
  43.000     0.1331828475E+01     0.9554386139E-01     0.0000000000E+00     0.0000000000E+00     0.9554386139E-01     0.1331828475E+01     0.0000000000E+00     0.0000000000E+00     0.0000000000E+00     0.0000000000E+00     0.1264371753E+01    -0.1553151198E-01     0.0000000000E+00     0.0000000000E+00     0.1553151198E-01     0.1264371753E+01
  44.000     0.1274414062E+01     0.9056563675E-01     0.0000000000E+00     0.0000000000E+00     0.9056563675E-01     0.1274414062E+01     0.0000000000E+00     0.0000000000E+00     0.0000000000E+00     0.0000000000E+00     0.1205997109E+01    -0.1297318563E-01     0.0000000000E+00     0.0000000000E+00     0.1297318563E-01     0.1205997109E+01
  45.000     0.1215447307E+01     0.9314805269E-01     0.0000000000E+00     0.0000000000E+00     0.9314805269E-01     0.1215447307E+01     0.0000000000E+00     0.0000000000E+00     0.0000000000E+00     0.0000000000E+00     0.1147341490E+01    -0.1922051236E-01     0.0000000000E+00     0.0000000000E+00     0.1922051236E-01     0.1147341490E+01
  46.000     0.1157924652E+01     0.9374291450E-01     0.0000000000E+00     0.0000000000E+00     0.9374291450E-01     0.1157924652E+01     0.0000000000E+00     0.0000000000E+00     0.0000000000E+00     0.0000000000E+00     0.1089197755E+01    -0.1766495220E-01     0.0000000000E+00     0.0000000000E+00     0.1766495220E-01     0.1089197755E+01
  47.000     0.1104378939E+01     0.9189028293E-01     0.0000000000E+00     0.0000000000E+00     0.9189028293E-01     0.1104378939E+01     0.0000000000E+00     0.0000000000E+00     0.0000000000E+00     0.0000000000E+00     0.1036293149E+01    -0.1874091290E-01     0.0000000000E+00     0.0000000000E+00     0.1874091290E-01     0.1036293149E+01
  48.000     0.1052672267E+01     0.9349158406E-01     0.0000000000E+00     0.0000000000E+00     0.9349158406E-01     0.1052672267E+01     0.0000000000E+00     0.0000000000E+00     0.0000000000E+00     0.0000000000E+00     0.9841735959E+00    -0.2007111162E-01     0.0000000000E+00     0.0000000000E+00     0.2007111162E-01     0.9841735959E+00
  49.000     0.1002324820E+01     0.9144546837E-01     0.0000000000E+00     0.0000000000E+00     0.9144546837E-01     0.1002324820E+01     0.0000000000E+00     0.0000000000E+00     0.0000000000E+00     0.0000000000E+00     0.9347457886E+00    -0.1916132122E-01     0.0000000000E+00     0.0000000000E+00     0.1916132122E-01     0.9347457886E+00
  50.000     0.9518851042E+00     0.9236247838E-01     0.0000000000E+00     0.0000000000E+00     0.9236247838E-01     0.9518851042E+00     0.0000000000E+00     0.0000000000E+00     0.0000000000E+00     0.0000000000E+00     0.8838391304E+00    -0.1864661835E-01     0.0000000000E+00     0.0000000000E+00     0.1864661835E-01     0.8838391304E+00
  51.000     0.9044166803E+00     0.9266315401E-01     0.0000000000E+00     0.0000000000E+00     0.9266315401E-01     0.9044166803E+00     0.0000000000E+00     0.0000000000E+00     0.0000000000E+00     0.0000000000E+00     0.8358169794E+00    -0.1411732286E-01     0.0000000000E+00     0.0000000000E+00     0.1411732286E-01     0.8358169794E+00
  52.000     0.8608498573E+00     0.9203258157E-01     0.0000000000E+00     0.0000000000E+00     0.9203258157E-01     0.8608498573E+00     0.0000000000E+00     0.0000000000E+00     0.0000000000E+00     0.0000000000E+00     0.7915850282E+00    -0.1477435231E-01     0.0000000000E+00     0.0000000000E+00     0.1477435231E-01     0.7915850282E+00
  53.000     0.8178423047E+00     0.9488573670E-01     0.0000000000E+00     0.0000000000E+00     0.9488573670E-01     0.8178423047E+00     0.0000000000E+00     0.0000000000E+00     0.0000000000E+00     0.0000000000E+00     0.7481725216E+00    -0.1494578179E-01     0.0000000000E+00     0.0000000000E+00     0.1494578179E-01     0.7481725216E+00
  54.000     0.7760863304E+00     0.9117695689E-01     0.0000000000E+00     0.0000000000E+00     0.9117695689E-01     0.7760863304E+00     0.0000000000E+00     0.0000000000E+00     0.0000000000E+00     0.0000000000E+00     0.7064347863E+00    -0.1291870046E-01     0.0000000000E+00     0.0000000000E+00     0.1291870046E-01     0.7064347863E+00
  55.000     0.7357705235E+00     0.9375662357E-01     0.0000000000E+00     0.0000000000E+00     0.9375662357E-01     0.7357705235E+00     0.0000000000E+00     0.0000000000E+00     0.0000000000E+00     0.0000000000E+00     0.6649075747E+00    -0.1276804972E-01     0.0000000000E+00     0.0000000000E+00     0.1276804972E-01     0.6649075747E+00
  56.000     0.6953919530E+00     0.9411475062E-01     0.0000000000E+00     0.0000000000E+00     0.9411475062E-01     0.6953919530E+00     0.0000000000E+00     0.0000000000E+00     0.0000000000E+00     0.0000000000E+00     0.6250234842E+00    -0.1381229609E-01     0.0000000000E+00     0.0000000000E+00     0.1381229609E-01     0.6250234842E+00
  57.000     0.6619746089E+00     0.9108012915E-01     0.0000000000E+00     0.0000000000E+00     0.9108012915E-01     0.6619746089E+00     0.0000000000E+00     0.0000000000E+00     0.0000000000E+00     0.0000000000E+00     0.5909884572E+00    -0.1676459424E-01     0.0000000000E+00     0.0000000000E+00     0.1676459424E-01     0.5909884572E+00
  58.000     0.6275996566E+00     0.8921910077E-01     0.0000000000E+00     0.0000000000E+00     0.8921910077E-01     0.6275996566E+00     0.0000000000E+00     0.0000000000E+00     0.0000000000E+00     0.0000000000E+00     0.5567238331E+00    -0.1769476198E-01     0.0000000000E+00     0.0000000000E+00     0.1769476198E-01     0.5567238331E+00
  59.000     0.5953738689E+00     0.8666716516E-01     0.0000000000E+00     0.0000000000E+00     0.8666716516E-01     0.5953738689E+00     0.0000000000E+00     0.0000000000E+00     0.0000000000E+00     0.0000000000E+00     0.5238162875E+00    -0.1752033457E-01     0.0000000000E+00     0.0000000000E+00     0.1752033457E-01     0.5238162875E+00
  60.000     0.5657519102E+00     0.8475276083E-01     0.0000000000E+00     0.0000000000E+00     0.8475276083E-01     0.5657519102E+00     0.0000000000E+00     0.0000000000E+00     0.0000000000E+00     0.0000000000E+00     0.4938413501E+00    -0.2189709619E-01     0.0000000000E+00     0.0000000000E+00     0.2189709619E-01     0.4938413501E+00
  61.000     0.5365676880E+00     0.8011863381E-01     0.0000000000E+00     0.0000000000E+00     0.8011863381E-01     0.5365676880E+00     0.0000000000E+00     0.0000000000E+00     0.0000000000E+00     0.0000000000E+00     0.4644901752E+00    -0.2263764851E-01     0.0000000000E+00     0.0000000000E+00     0.2263764851E-01     0.4644901752E+00
  62.000     0.5113711357E+00     0.7565103471E-01     0.0000000000E+00     0.0000000000E+00     0.7565103471E-01     0.5113711357E+00     0.0000000000E+00     0.0000000000E+00     0.0000000000E+00     0.0000000000E+00     0.4397937953E+00    -0.2218507975E-01     0.0000000000E+00     0.0000000000E+00     0.2218507975E-01     0.4397937953E+00
  63.000     0.4846666157E+00     0.7250203937E-01     0.0000000000E+00     0.0000000000E+00     0.7250203937E-01     0.4846666157E+00     0.0000000000E+00     0.0000000000E+00     0.0000000000E+00     0.0000000000E+00     0.4132273495E+00    -0.2215508744E-01     0.0000000000E+00     0.0000000000E+00     0.2215508744E-01     0.4132273495E+00
  64.000     0.4591272473E+00     0.6878263503E-01     0.0000000000E+00     0.0000000000E+00     0.6878263503E-01     0.4591272473E+00     0.0000000000E+00     0.0000000000E+00     0.0000000000E+00     0.0000000000E+00     0.3871898949E+00    -0.2139160596E-01     0.0000000000E+00     0.0000000000E+00     0.2139160596E-01     0.3871898949E+00
  65.000     0.4369694293E+00     0.6488136202E-01     0.0000000000E+00     0.0000000000E+00     0.6488136202E-01     0.4369694293E+00     0.0000000000E+00     0.0000000000E+00     0.0000000000E+00     0.0000000000E+00     0.3667322099E+00    -0.2050467953E-01     0.0000000000E+00     0.0000000000E+00     0.2050467953E-01     0.3667322099E+00
  66.000     0.4137814641E+00     0.6192065030E-01     0.0000000000E+00     0.0000000000E+00     0.6192065030E-01     0.4137814641E+00     0.0000000000E+00     0.0000000000E+00     0.0000000000E+00     0.0000000000E+00     0.3430588841E+00    -0.2132434584E-01     0.0000000000E+00     0.0000000000E+00     0.2132434584E-01     0.3430588841E+00
  67.000     0.3925825059E+00     0.5925744772E-01     0.0000000000E+00     0.0000000000E+00     0.5925744772E-01     0.3925825059E+00     0.0000000000E+00     0.0000000000E+00     0.0000000000E+00     0.0000000000E+00     0.3215343058E+00    -0.2043899894E-01     0.0000000000E+00     0.0000000000E+00     0.2043899894E-01     0.3215343058E+00
  68.000     0.3707843125E+00     0.5372070894E-01     0.0000000000E+00     0.0000000000E+00     0.5372070894E-01     0.3707843125E+00     0.0000000000E+00     0.0000000000E+00     0.0000000000E+00     0.0000000000E+00     0.2995991409E+00    -0.1920056529E-01     0.0000000000E+00     0.0000000000E+00     0.1920056529E-01     0.2995991409E+00
  69.000     0.3503836691E+00     0.5284772068E-01     0.0000000000E+00     0.0000000000E+00     0.5284772068E-01     0.3503836691E+00     0.0000000000E+00     0.0000000000E+00     0.0000000000E+00     0.0000000000E+00     0.2789840698E+00    -0.1944172569E-01     0.0000000000E+00     0.0000000000E+00     0.1944172569E-01     0.2789840698E+00
  70.000     0.3337705731E+00     0.5051663145E-01     0.0000000000E+00     0.0000000000E+00     0.5051663145E-01     0.3337705731E+00     0.0000000000E+00     0.0000000000E+00     0.0000000000E+00     0.0000000000E+00     0.2616217136E+00    -0.1742759347E-01     0.0000000000E+00     0.0000000000E+00     0.1742759347E-01     0.2616217136E+00
  71.000     0.3154676557E+00     0.4857333377E-01     0.0000000000E+00     0.0000000000E+00     0.4857333377E-01     0.3154676557E+00     0.0000000000E+00     0.0000000000E+00     0.0000000000E+00     0.0000000000E+00     0.2422200441E+00    -0.1844003610E-01     0.0000000000E+00     0.0000000000E+00     0.1844003610E-01     0.2422200441E+00
  72.000     0.2974635065E+00     0.4684173316E-01     0.0000000000E+00     0.0000000000E+00     0.4684173316E-01     0.2974635065E+00     0.0000000000E+00     0.0000000000E+00     0.0000000000E+00     0.0000000000E+00     0.2240661830E+00    -0.1698462665E-01     0.0000000000E+00     0.0000000000E+00     0.1698462665E-01     0.2240661830E+00
  73.000     0.2815073431E+00     0.4326583445E-01     0.0000000000E+00     0.0000000000E+00     0.4326583445E-01     0.2815073431E+00     0.0000000000E+00     0.0000000000E+00     0.0000000000E+00     0.0000000000E+00     0.2082975209E+00    -0.1793603040E-01     0.0000000000E+00     0.0000000000E+00     0.1793603040E-01     0.2082975209E+00
  74.000     0.2675358653E+00     0.4108012840E-01     0.0000000000E+00     0.0000000000E+00     0.4108012840E-01     0.2675358653E+00     0.0000000000E+00     0.0000000000E+00     0.0000000000E+00     0.0000000000E+00     0.1942340285E+00    -0.1763079874E-01     0.0000000000E+00     0.0000000000E+00     0.1763079874E-01     0.1942340285E+00
  75.000     0.2546684742E+00     0.3714611381E-01     0.0000000000E+00     0.0000000000E+00     0.3714611381E-01     0.2546684742E+00     0.0000000000E+00     0.0000000000E+00     0.0000000000E+00     0.0000000000E+00     0.1812155694E+00    -0.1926976442E-01     0.0000000000E+00     0.0000000000E+00     0.1926976442E-01     0.1812155694E+00
  76.000     0.2405845374E+00     0.3600076586E-01     0.0000000000E+00     0.0000000000E+00     0.3600076586E-01     0.2405845374E+00     0.0000000000E+00     0.0000000000E+00     0.0000000000E+00     0.0000000000E+00     0.1663469225E+00    -0.2059812844E-01     0.0000000000E+00     0.0000000000E+00     0.2059812844E-01     0.1663469225E+00
  77.000     0.2306974977E+00     0.3076789342E-01     0.0000000000E+00     0.0000000000E+00     0.3076789342E-01     0.2306974977E+00     0.0000000000E+00     0.0000000000E+00     0.0000000000E+00     0.0000000000E+00     0.1565716714E+00    -0.2062698081E-01     0.0000000000E+00     0.0000000000E+00     0.2062698081E-01     0.1565716714E+00
  78.000     0.2177995890E+00     0.2871582098E-01     0.0000000000E+00     0.0000000000E+00     0.2871582098E-01     0.2177995890E+00     0.0000000000E+00     0.0000000000E+00     0.0000000000E+00     0.0000000000E+00     0.1418241560E+00    -0.2278931998E-01     0.0000000000E+00     0.0000000000E+00     0.2278931998E-01     0.1418241560E+00
  79.000     0.2088564038E+00     0.2238607593E-01     0.0000000000E+00     0.0000000000E+00     0.2238607593E-01     0.2088564038E+00     0.0000000000E+00     0.0000000000E+00     0.0000000000E+00     0.0000000000E+00     0.1338165402E+00    -0.2188427746E-01     0.0000000000E+00     0.0000000000E+00     0.2188427746E-01     0.1338165402E+00
  80.000     0.1967410296E+00     0.2002755366E-01     0.0000000000E+00     0.0000000000E+00     0.2002755366E-01     0.1967410296E+00     0.0000000000E+00     0.0000000000E+00     0.0000000000E+00     0.0000000000E+00     0.1201990396E+00    -0.2211019024E-01     0.0000000000E+00     0.0000000000E+00     0.2211019024E-01     0.1201990396E+00
  81.000     0.1889980733E+00     0.1413356978E-01     0.0000000000E+00     0.0000000000E+00     0.1413356978E-01     0.1889980733E+00     0.0000000000E+00     0.0000000000E+00     0.0000000000E+00     0.0000000000E+00     0.1134922877E+00    -0.2077005804E-01     0.0000000000E+00     0.0000000000E+00     0.2077005804E-01     0.1134922877E+00
  82.000     0.1812041849E+00     0.9761657566E-02     0.0000000000E+00     0.0000000000E+00     0.9761657566E-02     0.1812041849E+00     0.0000000000E+00     0.0000000000E+00     0.0000000000E+00     0.0000000000E+00     0.1043238491E+00    -0.1903260127E-01     0.0000000000E+00     0.0000000000E+00     0.1903260127E-01     0.1043238491E+00
  83.000     0.1744557470E+00     0.5721743684E-02     0.0000000000E+00     0.0000000000E+00     0.5721743684E-02     0.1744557470E+00     0.0000000000E+00     0.0000000000E+00     0.0000000000E+00     0.0000000000E+00     0.9608868510E-01    -0.2171034738E-01     0.0000000000E+00     0.0000000000E+00     0.2171034738E-01     0.9608868510E-01
  84.000     0.1673360169E+00     0.1429662108E-02     0.0000000000E+00     0.0000000000E+00     0.1429662108E-02     0.1673360169E+00     0.0000000000E+00     0.0000000000E+00     0.0000000000E+00     0.0000000000E+00     0.8864090592E-01    -0.2015339397E-01     0.0000000000E+00     0.0000000000E+00     0.2015339397E-01     0.8864090592E-01
  85.000     0.1614193916E+00    -0.1322526135E-02     0.0000000000E+00     0.0000000000E+00    -0.1322526135E-02     0.1614193916E+00     0.0000000000E+00     0.0000000000E+00     0.0000000000E+00     0.0000000000E+00     0.8042237163E-01    -0.1725429669E-01     0.0000000000E+00     0.0000000000E+00     0.1725429669E-01     0.8042237163E-01
  86.000     0.1556924582E+00    -0.4164208192E-02     0.0000000000E+00     0.0000000000E+00    -0.4164208192E-02     0.1556924582E+00     0.0000000000E+00     0.0000000000E+00     0.0000000000E+00     0.0000000000E+00     0.7265124470E-01    -0.1852081716E-01     0.0000000000E+00     0.0000000000E+00     0.1852081716E-01     0.7265124470E-01
  87.000     0.1490485966E+00    -0.6466223858E-02     0.0000000000E+00     0.0000000000E+00    -0.6466223858E-02     0.1490485966E+00     0.0000000000E+00     0.0000000000E+00     0.0000000000E+00     0.0000000000E+00     0.6585251540E-01    -0.1775202900E-01     0.0000000000E+00     0.0000000000E+00     0.1775202900E-01     0.6585251540E-01
  88.000     0.1460521221E+00    -0.1127800345E-01     0.0000000000E+00     0.0000000000E+00    -0.1127800345E-01     0.1460521221E+00     0.0000000000E+00     0.0000000000E+00     0.0000000000E+00     0.0000000000E+00     0.6019249186E-01    -0.1626621187E-01     0.0000000000E+00     0.0000000000E+00     0.1626621187E-01     0.6019249186E-01
  89.000     0.1440652907E+00    -0.1694055274E-01     0.0000000000E+00     0.0000000000E+00    -0.1694055274E-01     0.1440652907E+00     0.0000000000E+00     0.0000000000E+00     0.0000000000E+00     0.0000000000E+00     0.5459982529E-01    -0.1643949188E-01     0.0000000000E+00     0.0000000000E+00     0.1643949188E-01     0.5459982529E-01
  90.000     0.1406764984E+00    -0.1955966093E-01     0.0000000000E+00     0.0000000000E+00    -0.1955966093E-01     0.1406764984E+00     0.0000000000E+00     0.0000000000E+00     0.0000000000E+00     0.0000000000E+00     0.4751264304E-01    -0.1841699705E-01     0.0000000000E+00     0.0000000000E+00     0.1841699705E-01     0.4751264304E-01
  91.000     0.1339657754E+00    -0.1942171529E-01     0.0000000000E+00     0.0000000000E+00    -0.1942171529E-01     0.1339657754E+00     0.0000000000E+00     0.0000000000E+00     0.0000000000E+00     0.0000000000E+00     0.3958044574E-01    -0.2016123571E-01     0.0000000000E+00     0.0000000000E+00     0.2016123571E-01     0.3958044574E-01
  92.000     0.1254702359E+00    -0.1691902988E-01     0.0000000000E+00     0.0000000000E+00    -0.1691902988E-01     0.1254702359E+00     0.0000000000E+00     0.0000000000E+00     0.0000000000E+00     0.0000000000E+00     0.3198198974E-01    -0.1991138235E-01     0.0000000000E+00     0.0000000000E+00     0.1991138235E-01     0.3198198974E-01
  93.000     0.1153870076E+00    -0.1262182649E-01     0.0000000000E+00     0.0000000000E+00    -0.1262182649E-01     0.1153870076E+00     0.0000000000E+00     0.0000000000E+00     0.0000000000E+00     0.0000000000E+00     0.2597174048E-01    -0.1898619905E-01     0.0000000000E+00     0.0000000000E+00     0.1898619905E-01     0.2597174048E-01
  94.000     0.1057944521E+00    -0.8350421675E-02     0.0000000000E+00     0.0000000000E+00    -0.8350421675E-02     0.1057944521E+00     0.0000000000E+00     0.0000000000E+00     0.0000000000E+00     0.0000000000E+00     0.2194609493E-01    -0.1649554819E-01     0.0000000000E+00     0.0000000000E+00     0.1649554819E-01     0.2194609493E-01
  95.000     0.9789029509E-01    -0.6631923839E-02     0.0000000000E+00     0.0000000000E+00    -0.6631923839E-02     0.9789029509E-01     0.0000000000E+00     0.0000000000E+00     0.0000000000E+00     0.0000000000E+00     0.1777002402E-01    -0.1408549491E-01     0.0000000000E+00     0.0000000000E+00     0.1408549491E-01     0.1777002402E-01
  96.000     0.9188659489E-01    -0.6207489874E-02     0.0000000000E+00     0.0000000000E+00    -0.6207489874E-02     0.9188659489E-01     0.0000000000E+00     0.0000000000E+00     0.0000000000E+00     0.0000000000E+00     0.1381756924E-01    -0.1276712120E-01     0.0000000000E+00     0.0000000000E+00     0.1276712120E-01     0.1381756924E-01
  97.000     0.8644306660E-01    -0.5055246875E-02     0.0000000000E+00     0.0000000000E+00    -0.5055246875E-02     0.8644306660E-01     0.0000000000E+00     0.0000000000E+00     0.0000000000E+00     0.0000000000E+00     0.1039326563E-01    -0.1119508315E-01     0.0000000000E+00     0.0000000000E+00     0.1119508315E-01     0.1039326563E-01
  98.000     0.8122681081E-01    -0.4359318875E-02     0.0000000000E+00     0.0000000000E+00    -0.4359318875E-02     0.8122681081E-01     0.0000000000E+00     0.0000000000E+00     0.0000000000E+00     0.0000000000E+00     0.7873303257E-02    -0.1042733341E-01     0.0000000000E+00     0.0000000000E+00     0.1042733341E-01     0.7873303257E-02
  99.000     0.7704173028E-01    -0.3809957299E-02     0.0000000000E+00     0.0000000000E+00    -0.3809957299E-02     0.7704173028E-01     0.0000000000E+00     0.0000000000E+00     0.0000000000E+00     0.0000000000E+00     0.5418830086E-02    -0.9059784934E-02     0.0000000000E+00     0.0000000000E+00     0.9059784934E-02     0.5418830086E-02
 100.000     0.7299644500E-01    -0.3017516807E-02     0.0000000000E+00     0.0000000000E+00    -0.3017516807E-02     0.7299644500E-01     0.0000000000E+00     0.0000000000E+00     0.0000000000E+00     0.0000000000E+00     0.3344500205E-02    -0.8114304394E-02     0.0000000000E+00     0.0000000000E+00     0.8114304394E-02     0.3344500205E-02
 101.000     0.7064781338E-01    -0.3009217791E-02     0.0000000000E+00     0.0000000000E+00    -0.3009217791E-02     0.7064781338E-01     0.0000000000E+00     0.0000000000E+00     0.0000000000E+00     0.0000000000E+00     0.1383940689E-02    -0.7194658276E-02     0.0000000000E+00     0.0000000000E+00     0.7194658276E-02     0.1383940689E-02
 102.000     0.6796904653E-01    -0.3255513730E-02     0.0000000000E+00     0.0000000000E+00    -0.3255513730E-02     0.6796904653E-01     0.0000000000E+00     0.0000000000E+00     0.0000000000E+00     0.0000000000E+00    -0.3864214814E-03    -0.6361225620E-02     0.0000000000E+00     0.0000000000E+00     0.6361225620E-02    -0.3864214814E-03
 103.000     0.6560758501E-01    -0.3088449361E-02     0.0000000000E+00     0.0000000000E+00    -0.3088449361E-02     0.6560758501E-01     0.0000000000E+00     0.0000000000E+00     0.0000000000E+00     0.0000000000E+00    -0.1827232656E-02    -0.5194050260E-02     0.0000000000E+00     0.0000000000E+00     0.5194050260E-02    -0.1827232656E-02
 104.000     0.6376222521E-01    -0.3230370814E-02     0.0000000000E+00     0.0000000000E+00    -0.3230370814E-02     0.6376222521E-01     0.0000000000E+00     0.0000000000E+00     0.0000000000E+00     0.0000000000E+00    -0.3508204361E-02    -0.4655255936E-02     0.0000000000E+00     0.0000000000E+00     0.4655255936E-02    -0.3508204361E-02
 105.000     0.6098875403E-01    -0.2530224854E-02     0.0000000000E+00     0.0000000000E+00    -0.2530224854E-02     0.6098875403E-01     0.0000000000E+00     0.0000000000E+00     0.0000000000E+00     0.0000000000E+00    -0.4391736817E-02    -0.4404364154E-02     0.0000000000E+00     0.0000000000E+00     0.4404364154E-02    -0.4391736817E-02
 106.000     0.5954361707E-01    -0.2663027029E-02     0.0000000000E+00     0.0000000000E+00    -0.2663027029E-02     0.5954361707E-01     0.0000000000E+00     0.0000000000E+00     0.0000000000E+00     0.0000000000E+00    -0.6144786254E-02    -0.4452510271E-02     0.0000000000E+00     0.0000000000E+00     0.4452510271E-02    -0.6144786254E-02
 107.000     0.5806288123E-01    -0.2958513563E-02     0.0000000000E+00     0.0000000000E+00    -0.2958513563E-02     0.5806288123E-01     0.0000000000E+00     0.0000000000E+00     0.0000000000E+00     0.0000000000E+00    -0.7555434480E-02    -0.4675300326E-02     0.0000000000E+00     0.0000000000E+00     0.4675300326E-02    -0.7555434480E-02
 108.000     0.5701592565E-01    -0.3599813674E-02     0.0000000000E+00     0.0000000000E+00    -0.3599813674E-02     0.5701592565E-01     0.0000000000E+00     0.0000000000E+00     0.0000000000E+00     0.0000000000E+00    -0.9027121589E-02    -0.4530471750E-02     0.0000000000E+00     0.0000000000E+00     0.4530471750E-02    -0.9027121589E-02
 109.000     0.5590878800E-01    -0.4106451292E-02     0.0000000000E+00     0.0000000000E+00    -0.4106451292E-02     0.5590878800E-01     0.0000000000E+00     0.0000000000E+00     0.0000000000E+00     0.0000000000E+00    -0.1008746680E-01    -0.4657883663E-02     0.0000000000E+00     0.0000000000E+00     0.4657883663E-02    -0.1008746680E-01
 110.000     0.5437114462E-01    -0.4898161162E-02     0.0000000000E+00     0.0000000000E+00    -0.4898161162E-02     0.5437114462E-01     0.0000000000E+00     0.0000000000E+00     0.0000000000E+00     0.0000000000E+00    -0.1042786147E-01    -0.5011978559E-02     0.0000000000E+00     0.0000000000E+00     0.5011978559E-02    -0.1042786147E-01
 111.000     0.5329598859E-01    -0.5047986750E-02     0.0000000000E+00     0.0000000000E+00    -0.5047986750E-02     0.5329598859E-01     0.0000000000E+00     0.0000000000E+00     0.0000000000E+00     0.0000000000E+00    -0.1167756319E-01    -0.4938213155E-02     0.0000000000E+00     0.0000000000E+00     0.4938213155E-02    -0.1167756319E-01
 112.000     0.5155970901E-01    -0.5036845803E-02     0.0000000000E+00     0.0000000000E+00    -0.5036845803E-02     0.5155970901E-01     0.0000000000E+00     0.0000000000E+00     0.0000000000E+00     0.0000000000E+00    -0.1168253645E-01    -0.4406358581E-02     0.0000000000E+00     0.0000000000E+00     0.4406358581E-02    -0.1168253645E-01
 113.000     0.5117870122E-01    -0.5974726751E-02     0.0000000000E+00     0.0000000000E+00    -0.5974726751E-02     0.5117870122E-01     0.0000000000E+00     0.0000000000E+00     0.0000000000E+00     0.0000000000E+00    -0.1285301801E-01    -0.4723775666E-02     0.0000000000E+00     0.0000000000E+00     0.4723775666E-02    -0.1285301801E-01
 114.000     0.4913680255E-01    -0.4284027964E-02     0.0000000000E+00     0.0000000000E+00    -0.4284027964E-02     0.4913680255E-01     0.0000000000E+00     0.0000000000E+00     0.0000000000E+00     0.0000000000E+00    -0.1321183797E-01    -0.3720430890E-02     0.0000000000E+00     0.0000000000E+00     0.3720430890E-02    -0.1321183797E-01
 115.000     0.4867308587E-01    -0.4611975048E-02     0.0000000000E+00     0.0000000000E+00    -0.4611975048E-02     0.4867308587E-01     0.0000000000E+00     0.0000000000E+00     0.0000000000E+00     0.0000000000E+00    -0.1461524889E-01    -0.3440994304E-02     0.0000000000E+00     0.0000000000E+00     0.3440994304E-02    -0.1461524889E-01
 116.000     0.4745656997E-01    -0.3657389199E-02     0.0000000000E+00     0.0000000000E+00    -0.3657389199E-02     0.4745656997E-01     0.0000000000E+00     0.0000000000E+00     0.0000000000E+00     0.0000000000E+00    -0.1507692318E-01    -0.3615704598E-02     0.0000000000E+00     0.0000000000E+00     0.3615704598E-02    -0.1507692318E-01
 117.000     0.4699033871E-01    -0.3342225216E-02     0.0000000000E+00     0.0000000000E+00    -0.3342225216E-02     0.4699033871E-01     0.0000000000E+00     0.0000000000E+00     0.0000000000E+00     0.0000000000E+00    -0.1558672823E-01    -0.3073270433E-02     0.0000000000E+00     0.0000000000E+00     0.3073270433E-02    -0.1558672823E-01
 118.000     0.4622218385E-01    -0.2726956736E-02     0.0000000000E+00     0.0000000000E+00    -0.2726956736E-02     0.4622218385E-01     0.0000000000E+00     0.0000000000E+00     0.0000000000E+00     0.0000000000E+00    -0.1601476781E-01    -0.3673086641E-02     0.0000000000E+00     0.0000000000E+00     0.3673086641E-02    -0.1601476781E-01
 119.000     0.4585031047E-01    -0.2977555152E-02     0.0000000000E+00     0.0000000000E+00    -0.2977555152E-02     0.4585031047E-01     0.0000000000E+00     0.0000000000E+00     0.0000000000E+00     0.0000000000E+00    -0.1641500555E-01    -0.3359344555E-02     0.0000000000E+00     0.0000000000E+00     0.3359344555E-02    -0.1641500555E-01
 120.000     0.4535747319E-01    -0.1967507647E-02     0.0000000000E+00     0.0000000000E+00    -0.1967507647E-02     0.4535747319E-01     0.0000000000E+00     0.0000000000E+00     0.0000000000E+00     0.0000000000E+00    -0.1697046123E-01    -0.3888028208E-02     0.0000000000E+00     0.0000000000E+00     0.3888028208E-02    -0.1697046123E-01
 121.000     0.4478840157E-01    -0.1696973806E-02     0.0000000000E+00     0.0000000000E+00    -0.1696973806E-02     0.4478840157E-01     0.0000000000E+00     0.0000000000E+00     0.0000000000E+00     0.0000000000E+00    -0.1716994494E-01    -0.3844231833E-02     0.0000000000E+00     0.0000000000E+00     0.3844231833E-02    -0.1716994494E-01
 122.000     0.4417841509E-01    -0.1951255254E-02     0.0000000000E+00     0.0000000000E+00    -0.1951255254E-02     0.4417841509E-01     0.0000000000E+00     0.0000000000E+00     0.0000000000E+00     0.0000000000E+00    -0.1697126031E-01    -0.3834387055E-02     0.0000000000E+00     0.0000000000E+00     0.3834387055E-02    -0.1697126031E-01
 123.000     0.4328300431E-01    -0.1747570583E-02     0.0000000000E+00     0.0000000000E+00    -0.1747570583E-02     0.4328300431E-01     0.0000000000E+00     0.0000000000E+00     0.0000000000E+00     0.0000000000E+00    -0.1684024557E-01    -0.3437785432E-02     0.0000000000E+00     0.0000000000E+00     0.3437785432E-02    -0.1684024557E-01
 124.000     0.4289814085E-01    -0.1645790413E-02     0.0000000000E+00     0.0000000000E+00    -0.1645790413E-02     0.4289814085E-01     0.0000000000E+00     0.0000000000E+00     0.0000000000E+00     0.0000000000E+00    -0.1735554077E-01    -0.3319277894E-02     0.0000000000E+00     0.0000000000E+00     0.3319277894E-02    -0.1735554077E-01
 125.000     0.4235290363E-01    -0.2523048781E-02     0.0000000000E+00     0.0000000000E+00    -0.2523048781E-02     0.4235290363E-01     0.0000000000E+00     0.0000000000E+00     0.0000000000E+00     0.0000000000E+00    -0.1741183177E-01    -0.3479873296E-02     0.0000000000E+00     0.0000000000E+00     0.3479873296E-02    -0.1741183177E-01
 126.000     0.4216542840E-01    -0.2504158532E-02     0.0000000000E+00     0.0000000000E+00    -0.2504158532E-02     0.4216542840E-01     0.0000000000E+00     0.0000000000E+00     0.0000000000E+00     0.0000000000E+00    -0.1798155904E-01    -0.3697479609E-02     0.0000000000E+00     0.0000000000E+00     0.3697479609E-02    -0.1798155904E-01
 127.000     0.4145931080E-01    -0.2383126644E-02     0.0000000000E+00     0.0000000000E+00    -0.2383126644E-02     0.4145931080E-01     0.0000000000E+00     0.0000000000E+00     0.0000000000E+00     0.0000000000E+00    -0.1797064394E-01    -0.3717936575E-02     0.0000000000E+00     0.0000000000E+00     0.3717936575E-02    -0.1797064394E-01
 128.000     0.4095463827E-01    -0.1856381074E-02     0.0000000000E+00     0.0000000000E+00    -0.1856381074E-02     0.4095463827E-01     0.0000000000E+00     0.0000000000E+00     0.0000000000E+00     0.0000000000E+00    -0.1833676919E-01    -0.3492342541E-02     0.0000000000E+00     0.0000000000E+00     0.3492342541E-02    -0.1833676919E-01
 129.000     0.4077794775E-01    -0.1477017067E-02     0.0000000000E+00     0.0000000000E+00    -0.1477017067E-02     0.4077794775E-01     0.0000000000E+00     0.0000000000E+00     0.0000000000E+00     0.0000000000E+00    -0.1855520718E-01    -0.3337351140E-02     0.0000000000E+00     0.0000000000E+00     0.3337351140E-02    -0.1855520718E-01
 130.000     0.4069961235E-01    -0.9425685275E-03     0.0000000000E+00     0.0000000000E+00    -0.9425685275E-03     0.4069961235E-01     0.0000000000E+00     0.0000000000E+00     0.0000000000E+00     0.0000000000E+00    -0.1908433251E-01    -0.3581797238E-02     0.0000000000E+00     0.0000000000E+00     0.3581797238E-02    -0.1908433251E-01
 131.000     0.4083516449E-01    -0.4034579324E-03     0.0000000000E+00     0.0000000000E+00    -0.4034579324E-03     0.4083516449E-01     0.0000000000E+00     0.0000000000E+00     0.0000000000E+00     0.0000000000E+00    -0.1922746748E-01    -0.3835444339E-02     0.0000000000E+00     0.0000000000E+00     0.3835444339E-02    -0.1922746748E-01
 132.000     0.4201946780E-01    -0.8188320498E-04     0.0000000000E+00     0.0000000000E+00    -0.8188320498E-04     0.4201946780E-01     0.0000000000E+00     0.0000000000E+00     0.0000000000E+00     0.0000000000E+00    -0.1999851875E-01    -0.4210521467E-02     0.0000000000E+00     0.0000000000E+00     0.4210521467E-02    -0.1999851875E-01
 133.000     0.4224739224E-01     0.7958596689E-03     0.0000000000E+00     0.0000000000E+00     0.7958596689E-03     0.4224739224E-01     0.0000000000E+00     0.0000000000E+00     0.0000000000E+00     0.0000000000E+00    -0.1982986555E-01    -0.3807635745E-02     0.0000000000E+00     0.0000000000E+00     0.3807635745E-02    -0.1982986555E-01
 134.000     0.4297936708E-01     0.1283824677E-02     0.0000000000E+00     0.0000000000E+00     0.1283824677E-02     0.4297936708E-01     0.0000000000E+00     0.0000000000E+00     0.0000000000E+00     0.0000000000E+00    -0.1999359578E-01    -0.4068077542E-02     0.0000000000E+00     0.0000000000E+00     0.4068077542E-02    -0.1999359578E-01
 135.000     0.4349803180E-01     0.1353392028E-02     0.0000000000E+00     0.0000000000E+00     0.1353392028E-02     0.4349803180E-01     0.0000000000E+00     0.0000000000E+00     0.0000000000E+00     0.0000000000E+00    -0.1980659738E-01    -0.4162518308E-02     0.0000000000E+00     0.0000000000E+00     0.4162518308E-02    -0.1980659738E-01
 136.000     0.4416243359E-01     0.1729287440E-02     0.0000000000E+00     0.0000000000E+00     0.1729287440E-02     0.4416243359E-01     0.0000000000E+00     0.0000000000E+00     0.0000000000E+00     0.0000000000E+00    -0.1982980594E-01    -0.4518832546E-02     0.0000000000E+00     0.0000000000E+00     0.4518832546E-02    -0.1982980594E-01
 137.000     0.4456776008E-01     0.9209914133E-03     0.0000000000E+00     0.0000000000E+00     0.9209914133E-03     0.4456776008E-01     0.0000000000E+00     0.0000000000E+00     0.0000000000E+00     0.0000000000E+00    -0.1911716536E-01    -0.5197356921E-02     0.0000000000E+00     0.0000000000E+00     0.5197356921E-02    -0.1911716536E-01
 138.000     0.4505711794E-01     0.1191475429E-02     0.0000000000E+00     0.0000000000E+00     0.1191475429E-02     0.4505711794E-01     0.0000000000E+00     0.0000000000E+00     0.0000000000E+00     0.0000000000E+00    -0.1908672228E-01    -0.6033017300E-02     0.0000000000E+00     0.0000000000E+00     0.6033017300E-02    -0.1908672228E-01
 139.000     0.4586701095E-01     0.7150058518E-03     0.0000000000E+00     0.0000000000E+00     0.7150058518E-03     0.4586701095E-01     0.0000000000E+00     0.0000000000E+00     0.0000000000E+00     0.0000000000E+00    -0.1908012293E-01    -0.6458783057E-02     0.0000000000E+00     0.0000000000E+00     0.6458783057E-02    -0.1908012293E-01
 140.000     0.4626857117E-01     0.9857862024E-03     0.0000000000E+00     0.0000000000E+00     0.9857862024E-03     0.4626857117E-01     0.0000000000E+00     0.0000000000E+00     0.0000000000E+00     0.0000000000E+00    -0.1850839145E-01    -0.7595474366E-02     0.0000000000E+00     0.0000000000E+00     0.7595474366E-02    -0.1850839145E-01
 141.000     0.4752594605E-01     0.6003734889E-03     0.0000000000E+00     0.0000000000E+00     0.6003734889E-03     0.4752594605E-01     0.0000000000E+00     0.0000000000E+00     0.0000000000E+00     0.0000000000E+00    -0.1851249114E-01    -0.8787923492E-02     0.0000000000E+00     0.0000000000E+00     0.8787923492E-02    -0.1851249114E-01
 142.000     0.4952300712E-01    -0.1191778283E-03     0.0000000000E+00     0.0000000000E+00    -0.1191778283E-03     0.4952300712E-01     0.0000000000E+00     0.0000000000E+00     0.0000000000E+00     0.0000000000E+00    -0.1891414262E-01    -0.1049170736E-01     0.0000000000E+00     0.0000000000E+00     0.1049170736E-01    -0.1891414262E-01
 143.000     0.5278706923E-01     0.8246334037E-03     0.0000000000E+00     0.0000000000E+00     0.8246334037E-03     0.5278706923E-01     0.0000000000E+00     0.0000000000E+00     0.0000000000E+00     0.0000000000E+00    -0.1995311305E-01    -0.1362364367E-01     0.0000000000E+00     0.0000000000E+00     0.1362364367E-01    -0.1995311305E-01
 144.000     0.5596928298E-01     0.1320492825E-02     0.0000000000E+00     0.0000000000E+00     0.1320492825E-02     0.5596928298E-01     0.0000000000E+00     0.0000000000E+00     0.0000000000E+00     0.0000000000E+00    -0.1988784410E-01    -0.1693998650E-01     0.0000000000E+00     0.0000000000E+00     0.1693998650E-01    -0.1988784410E-01
 145.000     0.6123258173E-01     0.2016061684E-02     0.0000000000E+00     0.0000000000E+00     0.2016061684E-02     0.6123258173E-01     0.0000000000E+00     0.0000000000E+00     0.0000000000E+00     0.0000000000E+00    -0.2057398297E-01    -0.2145132609E-01     0.0000000000E+00     0.0000000000E+00     0.2145132609E-01    -0.2057398297E-01
 146.000     0.6632280350E-01     0.2479816321E-02     0.0000000000E+00     0.0000000000E+00     0.2479816321E-02     0.6632280350E-01     0.0000000000E+00     0.0000000000E+00     0.0000000000E+00     0.0000000000E+00    -0.2114859223E-01    -0.2459100820E-01     0.0000000000E+00     0.0000000000E+00     0.2459100820E-01    -0.2114859223E-01
 147.000     0.7305926830E-01     0.3104361473E-02     0.0000000000E+00     0.0000000000E+00     0.3104361473E-02     0.7305926830E-01     0.0000000000E+00     0.0000000000E+00     0.0000000000E+00     0.0000000000E+00    -0.2241480537E-01    -0.3013955802E-01     0.0000000000E+00     0.0000000000E+00     0.3013955802E-01    -0.2241480537E-01
 148.000     0.8149234951E-01     0.3281032667E-02     0.0000000000E+00     0.0000000000E+00     0.3281032667E-02     0.8149234951E-01     0.0000000000E+00     0.0000000000E+00     0.0000000000E+00     0.0000000000E+00    -0.2398940362E-01    -0.3684546798E-01     0.0000000000E+00     0.0000000000E+00     0.3684546798E-01    -0.2398940362E-01
 149.000     0.8983807266E-01     0.3681776114E-02     0.0000000000E+00     0.0000000000E+00     0.3681776114E-02     0.8983807266E-01     0.0000000000E+00     0.0000000000E+00     0.0000000000E+00     0.0000000000E+00    -0.2484923415E-01    -0.4403310269E-01     0.0000000000E+00     0.0000000000E+00     0.4403310269E-01    -0.2484923415E-01
 150.000     0.1010416746E+00     0.2188511193E-02     0.0000000000E+00     0.0000000000E+00     0.2188511193E-02     0.1010416746E+00     0.0000000000E+00     0.0000000000E+00     0.0000000000E+00     0.0000000000E+00    -0.2763762698E-01    -0.5266387016E-01     0.0000000000E+00     0.0000000000E+00     0.5266387016E-01    -0.2763762698E-01
 151.000     0.1132708862E+00     0.3275720519E-03     0.0000000000E+00     0.0000000000E+00     0.3275720519E-03     0.1132708862E+00     0.0000000000E+00     0.0000000000E+00     0.0000000000E+00     0.0000000000E+00    -0.2998462133E-01    -0.6258481741E-01     0.0000000000E+00     0.0000000000E+00     0.6258481741E-01    -0.2998462133E-01
 152.000     0.1305567324E+00    -0.3902129596E-02     0.0000000000E+00     0.0000000000E+00    -0.3902129596E-02     0.1305567324E+00     0.0000000000E+00     0.0000000000E+00     0.0000000000E+00     0.0000000000E+00    -0.3443418443E-01    -0.7575475425E-01     0.0000000000E+00     0.0000000000E+00     0.7575475425E-01    -0.3443418443E-01
 153.000     0.1513786912E+00    -0.1099435240E-01     0.0000000000E+00     0.0000000000E+00    -0.1099435240E-01     0.1513786912E+00     0.0000000000E+00     0.0000000000E+00     0.0000000000E+00     0.0000000000E+00    -0.3994365409E-01    -0.9280426055E-01     0.0000000000E+00     0.0000000000E+00     0.9280426055E-01    -0.3994365409E-01
 154.000     0.1832361966E+00    -0.2564944513E-01     0.0000000000E+00     0.0000000000E+00    -0.2564944513E-01     0.1832361966E+00     0.0000000000E+00     0.0000000000E+00     0.0000000000E+00     0.0000000000E+00    -0.4961293936E-01    -0.1171222106E+00     0.0000000000E+00     0.0000000000E+00     0.1171222106E+00    -0.4961293936E-01
 155.000     0.2320620865E+00    -0.5365874618E-01     0.0000000000E+00     0.0000000000E+00    -0.5365874618E-01     0.2320620865E+00     0.0000000000E+00     0.0000000000E+00     0.0000000000E+00     0.0000000000E+00    -0.6485747546E-01    -0.1534134001E+00     0.0000000000E+00     0.0000000000E+00     0.1534134001E+00    -0.6485747546E-01
 156.000     0.3200724125E+00    -0.1128606498E+00     0.0000000000E+00     0.0000000000E+00    -0.1128606498E+00     0.3200724125E+00     0.0000000000E+00     0.0000000000E+00     0.0000000000E+00     0.0000000000E+00    -0.9298858792E-01    -0.2097413391E+00     0.0000000000E+00     0.0000000000E+00     0.2097413391E+00    -0.9298858792E-01
 157.000     0.4796852171E+00    -0.2406379431E+00     0.0000000000E+00     0.0000000000E+00    -0.2406379431E+00     0.4796852171E+00     0.0000000000E+00     0.0000000000E+00     0.0000000000E+00     0.0000000000E+00    -0.1445791274E+00    -0.2884710133E+00     0.0000000000E+00     0.0000000000E+00     0.2884710133E+00    -0.1445791274E+00
 158.000     0.7049315572E+00    -0.4499423802E+00     0.0000000000E+00     0.0000000000E+00    -0.4499423802E+00     0.7049315572E+00     0.0000000000E+00     0.0000000000E+00     0.0000000000E+00     0.0000000000E+00    -0.2140502185E+00    -0.3363058865E+00     0.0000000000E+00     0.0000000000E+00     0.3363058865E+00    -0.2140502185E+00
 159.000     0.8337447047E+00    -0.5769147277E+00     0.0000000000E+00     0.0000000000E+00    -0.5769147277E+00     0.8337447047E+00     0.0000000000E+00     0.0000000000E+00     0.0000000000E+00     0.0000000000E+00    -0.2439550161E+00    -0.2742336690E+00     0.0000000000E+00     0.0000000000E+00     0.2742336690E+00    -0.2439550161E+00
 160.000     0.7615219355E+00    -0.4858164191E+00     0.0000000000E+00     0.0000000000E+00    -0.4858164191E+00     0.7615219355E+00     0.0000000000E+00     0.0000000000E+00     0.0000000000E+00     0.0000000000E+00    -0.1834887862E+00    -0.2126496881E+00     0.0000000000E+00     0.0000000000E+00     0.2126496881E+00    -0.1834887862E+00
 161.000     0.7460499406E+00    -0.4494915605E+00     0.0000000000E+00     0.0000000000E+00    -0.4494915605E+00     0.7460499406E+00     0.0000000000E+00     0.0000000000E+00     0.0000000000E+00     0.0000000000E+00    -0.1474860460E+00    -0.2222153842E+00     0.0000000000E+00     0.0000000000E+00     0.2222153842E+00    -0.1474860460E+00
 162.000     0.7218126655E+00    -0.3929311335E+00     0.0000000000E+00     0.0000000000E+00    -0.3929311335E+00     0.7218126655E+00     0.0000000000E+00     0.0000000000E+00     0.0000000000E+00     0.0000000000E+00    -0.1053276211E+00    -0.2001496851E+00     0.0000000000E+00     0.0000000000E+00     0.2001496851E+00    -0.1053276211E+00
 163.000     0.7203575969E+00    -0.3684677780E+00     0.0000000000E+00     0.0000000000E+00    -0.3684677780E+00     0.7203575969E+00     0.0000000000E+00     0.0000000000E+00     0.0000000000E+00     0.0000000000E+00    -0.7420920581E-01    -0.1973066628E+00     0.0000000000E+00     0.0000000000E+00     0.1973066628E+00    -0.7420920581E-01
 164.000     0.7132499814E+00    -0.3290957510E+00     0.0000000000E+00     0.0000000000E+00    -0.3290957510E+00     0.7132499814E+00     0.0000000000E+00     0.0000000000E+00     0.0000000000E+00     0.0000000000E+00    -0.3342976049E-01    -0.2046703100E+00     0.0000000000E+00     0.0000000000E+00     0.2046703100E+00    -0.3342976049E-01
 165.000     0.7182222009E+00    -0.2992511690E+00     0.0000000000E+00     0.0000000000E+00    -0.2992511690E+00     0.7182222009E+00     0.0000000000E+00     0.0000000000E+00     0.0000000000E+00     0.0000000000E+00     0.7290338166E-02    -0.2038598061E+00     0.0000000000E+00     0.0000000000E+00     0.2038598061E+00     0.7290338166E-02
 166.000     0.7244785428E+00    -0.2681759894E+00     0.0000000000E+00     0.0000000000E+00    -0.2681759894E+00     0.7244785428E+00     0.0000000000E+00     0.0000000000E+00     0.0000000000E+00     0.0000000000E+00     0.5625268072E-01    -0.2017201930E+00     0.0000000000E+00     0.0000000000E+00     0.2017201930E+00     0.5625268072E-01
 167.000     0.7414572239E+00    -0.2413474768E+00     0.0000000000E+00     0.0000000000E+00    -0.2413474768E+00     0.7414572239E+00     0.0000000000E+00     0.0000000000E+00     0.0000000000E+00     0.0000000000E+00     0.1069559678E+00    -0.2006178647E+00     0.0000000000E+00     0.0000000000E+00     0.2006178647E+00     0.1069559678E+00
 168.000     0.7551806569E+00    -0.2128428817E+00     0.0000000000E+00     0.0000000000E+00    -0.2128428817E+00     0.7551806569E+00     0.0000000000E+00     0.0000000000E+00     0.0000000000E+00     0.0000000000E+00     0.1661474854E+00    -0.2017035782E+00     0.0000000000E+00     0.0000000000E+00     0.2017035782E+00     0.1661474854E+00
 169.000     0.7735749483E+00    -0.1846086830E+00     0.0000000000E+00     0.0000000000E+00    -0.1846086830E+00     0.7735749483E+00     0.0000000000E+00     0.0000000000E+00     0.0000000000E+00     0.0000000000E+00     0.2256060541E+00    -0.2059940100E+00     0.0000000000E+00     0.0000000000E+00     0.2059940100E+00     0.2256060541E+00
 170.000     0.8000269532E+00    -0.1516049653E+00     0.0000000000E+00     0.0000000000E+00    -0.1516049653E+00     0.8000269532E+00     0.0000000000E+00     0.0000000000E+00     0.0000000000E+00     0.0000000000E+00     0.2885470986E+00    -0.2139209211E+00     0.0000000000E+00     0.0000000000E+00     0.2139209211E+00     0.2885470986E+00
 171.000     0.8315638900E+00    -0.1077284515E+00     0.0000000000E+00     0.0000000000E+00    -0.1077284515E+00     0.8315638900E+00     0.0000000000E+00     0.0000000000E+00     0.0000000000E+00     0.0000000000E+00     0.3467683792E+00    -0.2072346956E+00     0.0000000000E+00     0.0000000000E+00     0.2072346956E+00     0.3467683792E+00
 172.000     0.8725454211E+00    -0.7209265232E-01     0.0000000000E+00     0.0000000000E+00    -0.7209265232E-01     0.8725454211E+00     0.0000000000E+00     0.0000000000E+00     0.0000000000E+00     0.0000000000E+00     0.4074335694E+00    -0.1980127990E+00     0.0000000000E+00     0.0000000000E+00     0.1980127990E+00     0.4074335694E+00
 173.000     0.9227495193E+00    -0.3600388765E-01     0.0000000000E+00     0.0000000000E+00    -0.3600388765E-01     0.9227495193E+00     0.0000000000E+00     0.0000000000E+00     0.0000000000E+00     0.0000000000E+00     0.4689443707E+00    -0.1866613925E+00     0.0000000000E+00     0.0000000000E+00     0.1866613925E+00     0.4689443707E+00
 174.000     0.9947801828E+00     0.4686843604E-02     0.0000000000E+00     0.0000000000E+00     0.4686843604E-02     0.9947801828E+00     0.0000000000E+00     0.0000000000E+00     0.0000000000E+00     0.0000000000E+00     0.5287119746E+00    -0.1771859080E+00     0.0000000000E+00     0.0000000000E+00     0.1771859080E+00     0.5287119746E+00
 175.000     0.1100104094E+01     0.6135614589E-01     0.0000000000E+00     0.0000000000E+00     0.6135614589E-01     0.1100104094E+01     0.0000000000E+00     0.0000000000E+00     0.0000000000E+00     0.0000000000E+00     0.5978754163E+00    -0.1599725783E+00     0.0000000000E+00     0.0000000000E+00     0.1599725783E+00     0.5978754163E+00
 176.000     0.1240386128E+01     0.9214321524E-01     0.0000000000E+00     0.0000000000E+00     0.9214321524E-01     0.1240386128E+01     0.0000000000E+00     0.0000000000E+00     0.0000000000E+00     0.0000000000E+00     0.6752297878E+00    -0.1401127428E+00     0.0000000000E+00     0.0000000000E+00     0.1401127428E+00     0.6752297878E+00
 177.000     0.1434469819E+01     0.1425856352E+00     0.0000000000E+00     0.0000000000E+00     0.1425856352E+00     0.1434469819E+01     0.0000000000E+00     0.0000000000E+00     0.0000000000E+00     0.0000000000E+00     0.7684095502E+00    -0.9689167887E-01     0.0000000000E+00     0.0000000000E+00     0.9689167887E-01     0.7684095502E+00
 178.000     0.1757421017E+01     0.1745228022E+00     0.0000000000E+00     0.0000000000E+00     0.1745228022E+00     0.1757421017E+01     0.0000000000E+00     0.0000000000E+00     0.0000000000E+00     0.0000000000E+00     0.9129461050E+00    -0.7413206995E-01     0.0000000000E+00     0.0000000000E+00     0.7413206995E-01     0.9129461050E+00
 179.000     0.2276278734E+01     0.1850802153E+00     0.0000000000E+00     0.0000000000E+00     0.1850802153E+00     0.2276278734E+01     0.0000000000E+00     0.0000000000E+00     0.0000000000E+00     0.0000000000E+00     0.1162947655E+01    -0.4709419794E-02     0.0000000000E+00     0.0000000000E+00     0.4709419794E-02     0.1162947655E+01
 180.000     0.1007915616E+01     0.2556861436E-03     0.0000000000E+00     0.0000000000E+00     0.2556861436E-03     0.1007915616E+01     0.0000000000E+00     0.0000000000E+00     0.0000000000E+00     0.0000000000E+00    -0.1007915378E+01    -0.9705415141E-04     0.0000000000E+00     0.0000000000E+00     0.9705415141E-04    -0.1007915378E+01
